0 1
1 1
2 331806
3 1
4 -596897762
5 -596897762
6 -596897762
7 -596897762
8 -596897762
9 -596897762
10 -596897762
11 -596897762
12 -596897762
13 -596897762
14 1
15 659486
16 659486
17 659486
18 135198
19 200734
20 1
21 1
22 1
23 1
24 1
25 1
26 1
27 1
28 200734
29 200734
30 200734
31 200734
32 200734
33 13111319
34 13111319
35 13111319
36 200734
37 200734
38 200734
39 2363422
40 2363422
41 2363422
42 462878
43 462878
44 462878
45 462878
46 3936279
47 3936279
48 3936279
49 3936286
50 1511447
51 1511454
52 790558
53 1
54 3280919
55 3280926
56 5246999
57 5247006
58 10489879
59 10489886
60 6557719
61 6557726
62 20975639
63 20975646
64 13111319
65 13111326
66 41947159
67 41947166
68 26218519
69 26218526
70 83890199
71 83890206
72 52432919
73 52432926
74 659479
75 790551
76 1
77 331806
78 135198
79 1
80 1
81 1
82 1
83 987166
84 987166
85 1
86 790551
87 790551
88 397335
89 397335
90 200734
91 200734
92 200734
93 331806
94 331806
95 725022
96 725022
97 1314846
98 1314846
99 1642526
100 1642526
101 2625566
102 2625566
103 3149854
104 3149854
105 3543070
106 3543070
107 4263966
108 4263966
109 4591646
110 4591646
111 1642526
112 1642526
113 98311784
114 98311784
115 78650984
116 78650984
117 58990184
118 58990184
119 39329384
120 39329384
121 36704286
122 36704286
123 27529246
124 27529246
125 18354206
126 18354206
127 5771294
128 5771294
129 4329502
130 4329502
131 2887710
132 2887710
133 57675806
134 57675806
135 43257886
136 43257886
137 28839966
138 28839966
139 9965598
140 9965598
141 7475230
142 7475230
143 4984862
144 4984862
145 11800606
146 11800606
147 8851486
148 8851486
149 5902366
150 5902366
151 13111326
152 13111326
153 9834526
154 9834526
155 6557726
156 6557726
157 14422046
158 14422046
159 10817566
160 10817566
161 7213086
162 7213086
163 17305630
164 17305630
165 12980254
166 12980254
167 8654878
168 8654878
169 18878494
170 18878494
171 14159902
172 14159902
173 9441310
174 9441310
175 18878494
176 18878494
177 14159902
178 14159902
179 9441310
180 9441310
181 18878494
182 18878494
183 14159902
184 14159902
185 9441310
186 9441310
187 9441310
188 9441310
189 11472926
190 11472926
191 9834526
192 9834526
193 8196126
194 8196126
195 1
196 1
197 1314846
198 1314846
199 1
200 1
201 1
202 1
203 1
204 1
205 1
206 1
207 1
208 1
209 1
210 1
211 1
212 1
213 1
214 1
215 1
216 1
217 1
218 1
219 1
220 1
221 204392
222 204392
223 466536
224 466536
225 466536
226 466536
227 663144
228 663144
229 333570
230 335464
231 659486
232 659486
233 266270
234 266270
235 1314846
236 1314846
237 1314846
238 1314846
239 659486
240 659486
241 3411998
242 3411998
243 3280926
244 3280926
245 1
246 1
247 1
248 1
249 200734
250 200734
251 331806
252 331806
253 725022
254 725022
255 1314846
256 1314846
257 4263966
258 4263966
259 4263966
260 4263966
261 4263966
262 4263966
263 4263966
264 4263966
265 4263966
266 4919326
267 4919326
268 4919326
269 4919326
270 4919326
271 1
272 1
273 1
274 1
275 1
276 200727
277 200727
278 200727
279 200734
280 1
281 1
282 1
283 1
284 3280919
285 3280919
286 135198
287 135198
288 135198
289 135198
290 135198
291 135198
292 135198
293 1
294 1
295 1
296 1
297 1
298 1
299 19664926
300 1316610
301 1316610
302 2627330
303 2627330
304 1314839
305 1314839
306 333570
307 333570
308 333570
309 333570
310 2955009
311 2955009
312 399136
313 399136
314 399136
315 335464
316 990824
317 990824
318 990824
319 990824
320 1056360
321 1056360
322 1056360
323 1
324 1
325 663144
326 5774952
327 5774952
328 5774952
329 5774952
330 4464232
331 4464232
332 4464232
333 4464232
334 3280926
335 3280926
336 3280926
337 3280926
338 1708062
339 1708062
340 2232350
341 2232350
342 2232350
343 1
344 1
345 990824
346 990824
347 990824
348 1646184
349 1646184
350 1646184
351 1646184
352 1118238
353 1118238
354 1118238
355 1118238
356 1118238
357 1
358 1
359 7872104
360 7872104
361 7872104
362 17698846
363 17698846
364 17698846
365 17698846
366 17698846
367 1
368 1
369 1
370 1
371 26222184
372 26222184
373 26222184
374 26222184
375 1
376 1
377 17571432
378 17571432
379 17571432
380 17571432
381 1
382 1
383 19664926
384 19664926
385 19664926
386 19664926
387 1
388 1
389 32772126
390 32772126
391 32772126
392 32772126
393 1
394 1
395 32772126
396 32772126
397 32772126
398 32772126
399 1
400 1
401 135198
402 135198
403 135198
404 7344151
405 7344151
406 7344151
407 7344151
408 7344151
409 7344151
410 7344151
411 7344151
412 91754519
413 91754519
414 4126
415 4126
416 4126
417 1
418 1
419 1
420 1
421 659479
422 1
423 1
424 1
425 1
426 333569
427 333569
428 333569
429 2625559
430 2625559
431 1973864
432 1
433 1
434 1
435 1
436 1318504
437 1318504
438 1318504
439 1121896
440 1121896
441 26222184
442 26222184
443 26222184
444 26222184
445 26222184
446 26222184
447 26222184
448 26222184
449 26222184
450 659486
451 659486
452 659486
453 659486
454 659486
455 659486
456 659486
457 659486
458 659486
459 659486
460 659486
461 659486
462 659486
463 659486
464 1
465 1
466 1
467 1
468 1
469 1
470 1
471 1
472 1
473 1
474 1
475 1
476 1
477 1
478 1
479 1
480 1
481 1
482 1
483 1
484 1
485 1
486 1
487 1
488 1
489 1
490 1
491 1
492 5890
493 5889
494 5889
495 5889
496 5889
497 5889
498 5889
499 5889
500 5889
501 5889
502 5889
503 5889
504 5889
505 5889
506 5889
507 7784
508 7784
509 7784
510 7784
511 7784
512 7784
513 7784
514 7784
515 7784
516 7784
517 7784
518 7784
519 7784
520 7784
521 7784
522 1
523 1
524 1
525 1
526 1
527 1
528 1
529 1
530 1
531 1
532 1
533 1
534 1
535 1
536 1
537 1
538 1970199
539 2625559
540 2625559
541 1972031
542 1972031
543 2627391
544 2627391
545 2627328
546 2627328
547 1971969
548 1971969
549 7784
550 1
551 1
552 2299706
553 1
554 19664926
555 19664926
556 19664926
557 19664926
558 19664926
559 19664926
560 19664926
561 19664926
562 19664926
563 19664926
564 19664926
565 19664926
566 19664926
567 19664926
568 19664926
569 19664926
570 19664926
571 19664926
572 19664926
573 19664926
574 19664926
575 19664926
576 988928
577 988928
578 136960
579 136960
580 857856
581 857856
582 659479
583 659479
584 659479
585 659479
586 659486
587 1
588 1
589 1
590 1
591 1
592 138856
593 266270
594 266270
595 266270
596 266270
597 659486
598 659486
599 1
600 200734
601 1
602 1
603 200734
604 1
605 1
606 1
607 1
608 1
609 1
610 1
611 1
612 1
613 1
614 1
615 1
616 1
617 1
618 1
619 7784
620 7784
621 7784
622 7784
623 1
624 1
625 13111319
626 13111319
627 13111319
628 13111319
629 13111319
630 13111319
631 13111319
632 13111319
633 13111319
634 13111319
635 11800599
636 11800599
637 11800599
638 11800599
639 11800599
640 11800599
641 11800599
642 11800599
643 11800599
644 11800599
645 11800599
646 11800599
647 11800599
648 11800599
649 11800599
650 11800599
651 11800599
652 11800599
653 11800599
654 11800599
655 10489879
656 10489879
657 10489879
658 10489879
659 10489879
660 10489879
661 10489879
662 10489879
663 10489879
664 10489879
665 13113090
666 13113090
667 13113090
668 204392
669 1
670 1
671 1
672 1
673 1
674 1
675 1
676 1
677 1
678 1
679 1
680 1
681 1
682 1
683 1
684 1
685 1
686 1
687 1
688 1
689 1
690 1
691 1
692 1
693 1
694 1
695 1
696 1
697 1
698 1
699 1
700 1
701 1
702 1
703 1
704 1
705 1
706 1
707 1
708 1
709 1
710 1
711 1
712 1
713 1
714 1
715 1
716 1
717 1
718 1
719 1
720 45879326
721 45879326
722 45879326
723 45879326
724 45879326
725 45879326
726 45879326
727 135191
728 1
729 1
730 1
731 1
732 1
733 1
734 7784
735 1
736 1
737 1
738 1
739 1
740 135191
741 1
742 1
743 1
744 1
745 1
746 1
747 1
748 1
749 1
750 1
751 1
752 